$ANSIBLE_VAULT;1.1;AES256
34303861366133356130343865373765633931343037376334373264326566353461313933643964
3365366339313731616466616234386132333737373031390a303832663639333235366630383937
65336662346232323330303737616466333538363762376233613965313938393234303339313932
6463376661393132630a316332396366663362353061306638656539633264626562393334643730
64313734613236333334646464393237623433303434333239613965343033313663616433323938
62356533626663626465373964376165383833323562393765366362343834396539356231393063
32336164306234616666376666646438353030323762663366363539653038363834396261396562
35353534393932633039333938363930346430343962306338346338636432316262373836313661
33356430653937386634333437303866613235316133666233656265303762346230333235646539
65633836303365326333353736646264623462646262383066663731613665336639313437383635
30386364323033626166376664643964343835653562383936623032353964353230303466366138
33663433316637343563353164663630346537376462636637663435613735633930356262666333
35353531653833666436333231656434343433373339363961643565306632653235383266623936
37623530323866626538363031616130616437393130333932313037616234313930663132656261
64343538356333613763336564303365663966303066373362373562353038633762396465613539
30343331336464616234376637333664376633336133343236363437356163346336303037633633
32346531306331313138393265393061666666643830323933646332396562353437313136623434
35346331623931313939366337383639353565326633333262363531333862323032633638393830
63353633636363626161396635376566663337613366323033656562626462363230336562313032
33303734323863323263616530343765643764636636616333346132346662366634346134636263
35393361336362613863363833353238636633663164356436323134373737306661363938303733
31636261383931373734626466363439353161613862383734643562396364636438366235616661
32626332343838313437363431353363613334626332393561333031663739306566353432356139
39373338316134333139363664656361306536353834656165646162366563636662303835363533
64616630626131303861353436623362373837356164346139323563343533383366393934613832
32376264346638363439383437303765383536643937626263633631326435663932323736653364
31316162346339336166363430616435326234643238303137343461373932383535316262366264
37336536303830663139
